-2.684125625969536078e+00 -3.193972465851014908e-01
-2.714141687294325589e+00 1.770012250647794161e-01
-2.888990569059296742e+00 1.449494260855569150e-01
-2.745342855641409674e+00 3.182989792519158034e-01
-2.728716536554529615e+00 -3.267545129349201938e-01
-2.280859632844492335e+00 -7.413304490629150090e-01
-2.820537750740609084e+00 8.946138452856858270e-02
-2.626144973146632644e+00 -1.633849596983290853e-01
-2.886382731780552824e+00 5.783117541867031086e-01
-2.672755797820953738e+00 1.137742458741163587e-01
-2.506947090651855614e+00 -6.450688986485741960e-01
-2.612755230908722748e+00 -1.472993916137470966e-02
-2.786109266188017575e+00 2.351120002017177135e-01
-3.223803743865652383e+00 5.113945870063815180e-01
-2.644750389942029045e+00 -1.178764636437575897e+00
-2.386039033531133224e+00 -1.338062330400652478e+00
-2.623527875224426431e+00 -8.106795141812582761e-01
-2.648296706254381405e+00 -3.118491445933552209e-01
-2.199820323617579731e+00 -8.728390389622111556e-01
-2.587986399878768662e+00 -5.135603087492771612e-01
-2.310256215242517897e+00 -3.913459356538945833e-01
-2.543705228757156434e+00 -4.329960632790285091e-01
-3.215939415648611188e+00 -1.334680695385261351e-01
-2.302733182226206932e+00 -9.870885481409993889e-02
-2.355754049123772731e+00 3.728185967738258805e-02
-2.506668906925821450e+00 1.460168804952670096e-01
-2.468820073121339220e+00 -1.309514894352507286e-01
-2.562319906196015573e+00 -3.677188574342002414e-01
-2.639534715384542540e+00 -3.120399802352833984e-01
-2.631989387274345837e+00 1.969612249243142543e-01
-2.587398476689352300e+00 2.043184912741329573e-01
-2.409932497002175378e+00 -4.109242642295736214e-01
-2.648862334349912029e+00 -8.133638202969619702e-01
-2.598736749100586607e+00 -1.093145759449356991e+00
-2.636926878105798622e+00 1.213223478658626425e-01
-2.866241652118669325e+00 -6.936447158008139657e-02
-2.625238049850372235e+00 -5.993700213794244114e-01
-2.800684115448221601e+00 -2.686437377979824515e-01
-2.980502043781993571e+00 4.879583444286147431e-01
-2.590006313968095775e+00 -2.290438368270130420e-01
-2.770102426027901910e+00 -2.635275337442570254e-01
-2.849368705043104022e+00 9.409605736411955634e-01
-2.997406546594906906e+00 3.419260574716094236e-01
-2.405614485097485655e+00 -1.888714289302608207e-01
-2.209489237783679449e+00 -4.366631416391877352e-01
-2.714451426757707786e+00 2.502082041852102812e-01
-2.538148258998939699e+00 -5.037711444614375589e-01
-2.839462167642849977e+00 2.279455694938272436e-01
-2.543085749830392484e+00 -5.794100215198896286e-01
-2.703359782335159167e+00 -1.077060824994122146e-01
1.284825688858350690e+00 -6.851604704673082136e-01
9.324885323123176528e-01 -3.183336382626283934e-01
1.464302321991393097e+00 -5.042628153092036936e-01
1.833177199583699013e-01 8.279590118206320293e-01
1.088103257711664940e+00 -7.459067519771603316e-02
6.416690842580768939e-01 4.182468715686794014e-01
1.095060662632445947e+00 -2.834682700615283046e-01
-7.491226698296578057e-01 1.004890961181895026e+00
1.044131826053434686e+00 -2.283618997883952173e-01
-8.745404082896611475e-03 7.230819050048344909e-01
-5.078408838353265509e-01 1.265971190526393286e+00
5.116985574475967358e-01 1.039812354990407445e-01
2.649765081120458166e-01 5.500364636804744300e-01
9.849345104708894238e-01 1.248178541263580271e-01
-1.739253716817683870e-01 2.548542087025892910e-01
9.278607809442467325e-01 -4.671794944415102457e-01
6.602837616969362555e-01 3.529696657238511892e-01
2.361049933176709581e-01 3.336107668249156943e-01
9.447337280198123688e-01 5.431455507797661175e-01
4.522697629869924796e-02 5.838343774718643964e-01
1.116283177350048783e+00 8.461685219478887188e-02
3.578884179973066959e-01 6.892503165601394921e-02
1.298183875358912776e+00 3.277873083339177263e-01
9.217289224470361919e-01 1.827377936213681331e-01
7.148533259114110416e-01 -1.490559443697845321e-01
9.001743731721666419e-01 -3.285044738343230186e-01
1.332024436722087701e+00 -2.444408760163432615e-01
1.557802155066069449e+00 -2.674954473102542085e-01
8.132906498175407339e-01 1.633503006876167174e-01
-3.055837780243095270e-01 3.682621897545877432e-01
-6.812649206836418614e-02 7.051721317994653626e-01
-1.896224723785024657e-01 6.802867635281333314e-01
1.364287115580143095e-01 3.140324382492367672e-01
1.380026435915510108e+00 4.209542873138826247e-01
5.880064433398627388e-01 4.842874199812192137e-01
8.068583125004115120e-01 -1.941823147131500060e-01
1.220690882444352088e+00 -4.076195936110066365e-01
8.150952357665990355e-01 3.720370599095015884e-01
2.459576798866918435e-01 2.685243966220154377e-01
1.664132171454561770e-01 6.819267248636267098e-01
4.648002884037784610e-01 6.707115445117209918e-01
8.908151984694486769e-01 3.446444436826950203e-02
2.305480235594547511e-01 4.043858480073252437e-01
-7.045317592446642685e-01 1.012248227531713729e+00
3.569814947010463424e-01 5.049100933371090116e-01
3.319344799450577588e-01 2.126546837811704727e-01
3.762156510666697096e-01 2.932189292514194023e-01
6.425760075543371919e-01 -1.773819011241598020e-02
-9.064698649488364124e-01 7.560933665990136054e-01
2.990008418781426314e-01 3.488978064503362453e-01
2.531192727803627029e+00 9.849109498803319818e-03
1.415235876703901496e+00 5.749163475464900142e-01
2.616676015995688775e+00 -3.439031513417336039e-01
1.971531053043434456e+00 1.797279043522465314e-01
2.350005920044639041e+00 4.026094714253201229e-02
3.397038736053256791e+00 -5.508366730280542800e-01
5.212322439097727411e-01 1.192758727000645669e+00
2.932587068993687929e+00 -3.555000029774951775e-01
2.321228816573376541e+00 2.438315023106913948e-01
2.916750966786071597e+00 -7.827919488152772498e-01
1.661774153636530471e+00 -2.422284077550663495e-01
1.803401952965089983e+00 2.156376173335559643e-01
2.165591796080144071e+00 -2.162755850740241681e-01
1.346163579458450332e+00 7.768183473443399656e-01
1.585928223873219745e+00 5.396407140267190927e-01
1.904456374793425999e+00 -1.192506920919719632e-01
1.949689059399068114e+00 -4.194325966321042071e-02
3.487055364290278181e+00 -1.175739329713427317e+00
3.795645422072882802e+00 -2.573229734204784958e-01
1.300791712637656028e+00 7.611496364350636146e-01
2.427817913066044664e+00 -3.781960126170499370e-01
1.199001105465559602e+00 6.060915277579311811e-01
3.499920038924536403e+00 -4.606740989118938145e-01
1.388766131691464345e+00 2.043993273521512166e-01
2.275430503872203580e+00 -3.349906058216761684e-01
2.614090473810830151e+00 -5.609013551230765948e-01
1.258508160511486729e+00 1.797047947227470022e-01
1.291132059115019937e+00 1.166686511740120946e-01
2.123608722773893565e+00 2.097294766773034613e-01
2.388003016003466428e+00 -4.646398047087354488e-01
2.841672778103869312e+00 -3.752691671951023378e-01
3.230673661432091226e+00 -1.374165086793045942e+00
2.159437642489048681e+00 2.172775786690497590e-01
1.444161242329508710e+00 1.434134104575814639e-01
1.781294810045110921e+00 4.999016810781375941e-01
3.076499931687186606e+00 -6.880856775711752249e-01
2.144243314302080705e+00 -1.400642010897888701e-01
1.905098148814074577e+00 -4.930052601302906817e-02
1.169326339341499432e+00 1.649902620231102068e-01
2.107611143257241082e+00 -3.722878719607970455e-01
2.314154705235598630e+00 -1.836512791690182167e-01
1.922267800902599966e+00 -4.092034668160619559e-01
1.415235876703901496e+00 5.749163475464900142e-01
2.563013375077474620e+00 -2.778626029291937916e-01
2.418746182732824046e+00 -3.047981978546910331e-01
1.944109794546966974e+00 -1.875323028006048998e-01
1.527166614814516210e+00 3.753169825804885118e-01
1.764345717044428108e+00 -7.885885451847517158e-02
1.900941614218422338e+00 -1.166279585120225809e-01
1.390188861947912802e+00 2.826609379905515307e-01
